M=2 accuracy: 0.6796116504854369
M=5 accuracy: 0.6990291262135923
M=10 accuracy: 0.7184466019417476
M=20 accuracy: 0.7281553398058253
